0.006357555010617943
0.00619454070838401
0.00619454070838401
0.00619454070838401
0.006683583383710356
0.006520569081476424
0.006846597454568837
0.006846597454568837
0.006846597454568837
0.006846597454568837
0.007335640129895182
0.007335640129895182
0.006846597454568837
0.006846597454568837
0.006357554779242491
0.006357554779242491
0.006357554779242491
0.006357554779242491
0.005868512103916146
0.005868512103916146
0.005868512103916146
0.005868512103916146
0.005868512103916146
0.005868512103916146
0.005868512103916146
0.005868512103916146
0.005868512103916146
0.005868512103916146
0.006357554779242491
0.006357554779242491
0.005868512103916146
0.005868512103916146
0.006357554779242491
0.006357554779242491
0.006846597454568837
0.006846597454568837
0.006846597454568837
0.006846597454568837
0.006846597454568837
0.006520569023632561
0.007009611698958906
0.007009611698958906
0.007009611698958906
0.007009611698958906
0.007009611698958906
0.007009611698958906
0.007009611698958906
0.007009611698958906
0.007009611698958906
0.007335640129895182
0.007335640129895182
0.007335640129895182
0.007335640129895182
0.007335640129895182
0.007335640129895182
0.007335640129895182
0.007335640129895182
0.007335640129895182
0.006846597454568837
0.006846597454568837
0.006357554779242491
0.006357554779242491
0.006357554779242491
0.006357554779242491
0.005868512103916146
0.006031526406150079
0.005542483730823733
0.005216455299887457
0.005216455299887457
0.005216455299887457
0.005705497975213802
0.005705497975213802
0.005705497975213802
0.005705497975213802
0.006194540650540148
0.006031526348306215
0.006031526348306215
0.006357554779242491
0.006357554779242491
0.006520569081476424
0.00619454070838401
0.006357555010617943
0.005868512335291598
0.005868512335291598
0.005868512335291598
0.005868512335291598
0.006357555010617943
0.006357555010617943
0.006846597685944289
0.006683583383710356
0.0070096117568027696
0.006846597454568837
0.007335640129895182
0.007335640129895182
0.007335640129895182
0.007335640129895182
0.007335640129895182
0.007335640129895182
0.007335640129895182
0.007335640129895182
0.007335640129895182
0.007335640129895182
0.007335640129895182
0.007335640129895182
0.006846597454568837
0.006846597454568837
0.006846597454568837
0.006846597454568837
0.006846597454568837
0.006846597454568837
0.006846597454568837
0.006846597454568837
0.006846597454568837
0.006846597454568837
0.007335640129895182
0.007335640129895182
0.007335640129895182
0.007335640129895182
0.007335640129895182
0.007335640129895182
0.007335640129895182
0.007335640129895182
0.007335640129895182
0.007335640129895182
0.007335640129895182
0.007335640129895182
0.007335640129895182
0.007335640129895182
0.007335640129895182
0.007335640129895182
0.007335640129895182
0.007335640129895182
0.007335640129895182
0.007335640129895182
0.007335640129895182
0.007335640129895182
0.007335640129895182
0.007335640129895182
0.007335640129895182
0.007335640129895182
0.007335640129895182
0.007335640129895182
0.007335640129895182
0.007335640129895182
0.007335640129895182
0.007335640129895182
0.006846597454568837
0.006846597454568837
0.006846597454568837
0.006846597454568837
0.006357554779242491
0.006357554779242491
0.006357554779242491
0.006357554779242491
0.006357554779242491
0.006357554779242491
0.006846597454568837
0.006846597454568837
0.006846597454568837
0.006846597454568837
0.007335640129895182
0.007335640129895182
0.007335640129895182
0.007335640129895182
0.007335640129895182
0.007335640129895182
0.007335640129895182
0.007335640129895182
0.007335640129895182
0.007335640129895182
0.007335640129895182
0.007335640129895182
0.007335640129895182
0.007335640129895182
0.006846597454568837
0.006846597454568837
0.006357554779242491
0.006520569081476424
0.006031526406150079
0.006031526406150079
0.006031526406150079
0.00619454070838401
0.005705498033057665
0.005868512335291598
0.005868512335291598
0.005868512335291598
0.006357555010617943
0.00619454070838401
0.006683583383710356
0.006683583383710356
0.006683583383710356
0.006194540650540148
0.006194540650540148
0.006031526348306215
0.006520569023632561
0.006520569023632561
0.006520569023632561
0.006520569023632561
0.006031526348306215
0.006031526348306215
0.006031526348306215
0.006846597454568837
0.007335640129895182
0.007824682805221528
0.007824682805221528
0.007824682805221528
0.007824682805221528
0.007824682805221528
0.008313725480547873
0.008313725480547873
0.008313725480547873
0.008313725480547873
0.008313725480547873
0.007824682805221528
0.007824682805221528
0.008313725480547873
0.008313725480547873
0.008802768155874219
0.008802768155874219
0.009291810831200564
0.00961783943566843
0.009128796760342084
0.009128796760342084
0.009454825249122223
0.009780853853590088
0.009291811178263743
0.009617839782731607
0.009454825596185401
0.009454825596185401
0.008965782920859056
0.008965782920859056
0.009454825596185401
0.009454825596185401
0.009128797107405261
0.008802768502937397
0.008802768502937397
0.008476739898469532
0.008150711409689393
0.008150711409689393
0.008639754085015739
0.008313725480547873
0.007824682805221528
0.007824682805221528
0.007824682805221528
0.007824682805221528
0.008313725480547873
0.008313725480547873
0.008313725480547873
0.008313725480547873
0.007824682805221528
0.007824682805221528
0.007824682805221528
0.007824682805221528
0.007824682805221528
0.007824682805221528
0.007335640129895182
0.007335640129895182
0.007335640129895182
0.007335640129895182
0.007335640129895182
0.007335640129895182
0.007335640129895182
0.007335640129895182
0.007335640129895182
0.006846597454568837
0.006846597454568837
0.006846597454568837
0.006846597454568837
0.006846597454568837
0.006846597454568837
0.006846597454568837
0.006846597454568837
0.006846597454568837
0.006846597454568837
0.006846597454568837
0.006846597454568837
0.006846597454568837
0.006846597454568837
0.006846597454568837
0.006846597454568837
0.006846597454568837
0.007335640129895182
0.007335640129895182
0.007335640129895182
0.007824682805221528
0.007824682805221528
0.007824682805221528
0.007824682805221528
0.007824682805221528
0.007824682805221528
0.007824682805221528
0.007335640129895182
0.007335640129895182
0.007335640129895182
0.007661668734363047
0.007987697223143186
0.00782468303659698
0.008150711525377118
0.008476740129844984
0.008802768618625122
0.009128797223092988
0.009454825711873126
0.009780854316340992
0.010595925596135203
0.010595925596135203
0.011084968387149273
0.011410996837366837
0.0117370252875844
0.011900039474130607
0.012226067924348171
0.012389082110894378
0.012715110561111942
0.012878124747658148
0.01271511040686164
0.012878124593407847
0.013041138779954053
0.013367167307296767
0.013693195834639483
0.013693195834639483
0.013693195834639483
0.013693195834639483
0.01385621017543599
0.014182238548528403
0.01434525288932491
0.014671281262417324
0.014997309635509737
0.015323338008602149
0.015649366381694563
0.015975394754786976
0.01613840909558348
0.016464437468675895
0.016953480028314514
0.016953480028314514
0.017442522587953136
0.017442522587953136
0.017442522587953136
0.017279508401406928
0.017116494214860722
0.017442522587953136
0.017931565147591755
0.017931565147591755
0.017931565147591755
0.017931565147591755
0.017442522587953136
0.017442522587953136
0.016953480028314514
0.016627451655222104
0.01630142328212969
0.015975394909037276
0.015486352349398658
0.014997309789760037
0.014508267230121418
0.014508267230121418
0.01434525288932491
0.014019224516232498
0.01385621017543599
0.014019224361982196
0.013856210021185688
0.013530181648093276
0.013530181648093276
0.013530181648093276
0.013530181648093276
0.013041139088454655
0.012715110638237092
0.012552096451690887
0.011900039512693182
0.011737025326146977
0.011084968387149273
0.010595925596135203
0.009780854316340992
0.009454825711873126
0.008639754432078916
0.008313725827611052
0.008476740014157257
0.008150711409689393
0.008150711409689393
0.007824682805221528
0.008313725480547873
0.008313725480547873
0.008802768155874219
0.009128796760342084
0.009454825249122223
0.009780853853590088
0.010106882458057952
0.010432911062525817
0.01108496800152352
0.011574010792537592
0.011737025056208949
0.012226067847223021
0.012552096451690887
0.013041139011329505
0.01385621017543599
0.014671281108167022
0.015323337854351847
0.01613840878708288
0.017605537082999945
0.0189096510381205
0.02053979352058377
0.022006921662250534
0.023474049803917294
0.025104192132130266
0.026734334460343234
0.028364476788556203
0.02999461911676917
0.03162476144498214
0.03260284656425938
0.034232988738222045
0.03602614509873092
0.03765628727269359
0.04010150099638849
0.042220686346990985
0.0448289142572321
0.04694809960783459
0.049556327518075705
0.05281661217450164
0.0565659393905662
0.059337181178852914
0.062271437153685834
0.06569473568815738
0.06846597685944289
0.07172626120736822
0.07514955974183976
0.08003998718922957
0.08411534246988595
0.08819069898454472
0.09275509805884212
0.09813456806587055
0.1040030806325376
0.10954556482611223
0.1155770915793255
0.12144560352899134
0.12731411547865717
0.1325305694481358
0.13921415233053266
0.14557170683983714
0.15176624716259537
0.15796078748535364
0.16334025687538087
0.1688827404519543
0.17507728077471255
0.180619764351286
0.18648827876895666
0.19251980737317353
0.19757325085811317
0.20262669310905038
0.2076801353599876
0.21305960598401724
0.21909113335423172
0.22512266072444617
0.2305021313484758
0.23571858778595925
0.24028298500925302
0.24435833967290818
0.24892273689620195
0.2531611057464033
0.2570734462235123
0.26114880088716746
0.2644090846180916
0.26815841090865433
0.27109266626648604
0.2748419925570488
0.27940638978034255
0.28380777281709013
0.28804614166729153
0.29130642539821566
0.2957078084349632
0.2999461772851646
0.30418454613536594
0.3087489433586597
0.3136393689550459
0.31689965268597003
0.319996922230348
0.3229311775881797
0.32782160565257074
0.33369011883623895
0.3376024617813527
0.3413517905399203
0.34461207673884925
0.348524419683963
0.3524367626290768
0.35830527581274507
0.36221761875785885
0.36661900426261124
0.3685751745011657
0.3728135433513671
0.37656286964192986
0.379823153372854
0.38406152222305534
0.3871587917674333
0.38944099037908014
0.39123414643108845
0.39384237341582773
0.3957985436543822
0.3979177280794829
0.39759169970639047
0.39808074226602913
0.39856978482566774
0.39759169970639047
0.39645060040056707
0.3954725152812898
0.39400538760237397
0.3935163450427353
0.3928642882965505
0.39139716061763463
0.38944099037908014
0.38732180595397947
0.38585467827506365
0.385365635715425
0.3827574087306857
0.38194233779795467
0.38096425267867745
0.37819301150739193
0.37623684126883744
0.37607382708229126
0.3752587561495602
0.3744436852168292
0.3719984724186361
0.3697162738069892
0.36792311775498093
0.36449981736950576
0.3609135027974844
0.35830527334474027
0.3547189587727189
0.34901345977559683
0.34477508845739063
0.3387435610871762
0.33401614720933137
0.32831064821220934
0.32358323433436453
0.31771472361870107
0.31233525546267626
0.30646674474701285
0.29880507797934114
0.2926105388905853
0.28560092886909844
0.2800584465265274
0.2737008932512253
0.2679953967221081
0.26131181507371365
0.2549542617984116
0.24859670852310956
0.24321724036708472
0.2396309282630682
0.234740502666682
0.2301761054433882
0.2256117057520896
0.2203952493146062
0.2163198921829462
0.21338563435710967
0.2101253481581807
0.2073541045188904
0.20230066226795315
0.1970842045964673
0.1928458320442587
0.18893348786514252
0.18485813196748493
0.18061976188328116
0.17605536342598496
0.1700238372897729
0.16594848139211535
0.1600799694424495
0.15470050005242228
0.14899500352330505
0.14426759211346507
0.1401922374498099
0.13530181185342371
0.13155248556286095
0.12617301740683615
0.1225867053028196
0.1175332642858848
0.11280585164204239
0.10742638163501396
0.10318801093380899
0.098949640232604
0.09291811347939073
0.08786467184545473
0.0829742443980649
0.0782468311372213
0.0735194178763777
0.06960707678226753
0.06618377824779599
0.06422760739224032
0.061619379790499806
0.05770703838788904
0.05493579659960233
0.05216455450281501
0.049393312406027685
0.0472741270554252
0.04433987077209167
0.041731642861850556
0.039449443324701856
0.03700422990950756
0.03504805936245248
0.03276586028805468
0.030483660905156282
0.028364476017304695
0.0260822769429069
0.0236370636819629
0.022169935540296136
0.020050750498194245
0.018257593983435072
0.017116494523361326
0.015812380568240768
0.014671281031041872
0.013530181493842974
0.012878124516282697
0.01206305335217621
0.011247982072382002
0.010432910908275516
0.009780853969277813
0.009291811178263743
0.008476739898469532
0.008150711294001666
0.007824682805221528
0.007824682805221528
0.007335640129895182
0.007335640129895182
0.007824682805221528
0.007824682805221528
0.007824682805221528
0.008150711409689393
0.008639754085015739
0.008639754085015739
0.008965782573795877
0.009291811178263743
0.010106882458057952
0.010432911062525817
0.01026989687597961
0.010595925480447476
0.011247982419445178
0.011410996605991385
0.011574010869662742
0.012063053660676814
0.012389082110894378
0.012552096297440585
0.012552096297440585
0.013041138857079203
0.013530181648093276
0.014019224207731894
0.014182238548528403
0.014508266921620815
0.014671281262417324
0.014997309635509737
0.015649366535944863
0.01581238072249107
0.01581238072249107
0.015649366535944863
0.015975394909037276
0.01581238072249107
0.01613840909558348
0.016464437468675895
0.01679046584176831
0.017116494214860722
0.016953480028314514
0.016953480028314514
0.017442522587953136
0.01760553677449934
0.017279508401406928
0.017442522587953136
0.017116494214860722
0.01679046584176831
0.016464437468675895
0.01613840909558348
0.01581238072249107
0.015975394909037276
0.015975394909037276
0.015486352349398658
0.015486352349398658
0.015486352349398658
0.015486352349398658
0.014997309789760037
0.015160323976306244
0.014834295603213832
0.014671281262417324
0.01434525288932491
0.013856210329686291
0.013856210329686291
0.013856210329686291
0.013204153429251164
0.013204153429251164
0.013204153429251164
0.013041139242704957
0.01287812505615875
0.012552096605941187
0.012389082419394981
0.01190003962838091
0.01190003962838091
0.011574011023913044
0.011410996760241687
0.010595925480447476
0.01026989687597961
0.009454825596185401
0.009128796991717536
0.008802768502937397
0.008476739898469532
0.008150711409689393
0.007824682805221528
0.007824682805221528
0.007824682805221528
0.007824682805221528
0.007824682805221528
0.007824682805221528
0.007824682805221528
0.007824682805221528
0.007824682805221528
0.007824682805221528
0.007824682805221528
0.007335640129895182
0.007335640129895182
0.007335640129895182
0.006846597454568837
0.006846597454568837
0.006846597454568837
0.006846597454568837
0.006846597454568837
0.006846597454568837
0.006846597454568837
0.006846597454568837
0.006846597454568837
0.006846597454568837
0.007335640129895182
0.007335640129895182
0.007335640129895182
0.007335640129895182
0.007335640129895182
0.007335640129895182
0.007335640129895182
0.007335640129895182
0.007335640129895182
0.007335640129895182
0.007335640129895182
0.007335640129895182
0.007335640129895182
0.007335640129895182
0.007335640129895182
0.007335640129895182
0.007335640129895182
0.007335640129895182
0.007335640129895182
0.007335640129895182
0.007335640129895182
0.007824682805221528
0.008150711409689393
0.008639754085015739
0.008639754085015739
0.008965782573795877
0.009291811178263743
0.009617839667043881
0.009454825480497675
0.00994386815582402
0.00994386815582402
0.009454825480497675
0.00912879687602981
0.008639754200703464
0.008639754200703464
0.008313725711923325
0.00798769710745546
0.008150711294001666
0.008313725480547873
0.008313725480547873
0.008313725480547873
0.008313725480547873
0.008313725480547873
0.008313725480547873
0.008313725480547873
0.008802768155874219
0.008802768155874219
0.008313725480547873
0.008313725480547873
0.007824682805221528
0.007824682805221528
0.007824682805221528
0.007824682805221528
0.007824682805221528
0.007824682805221528
0.007335640129895182
0.007335640129895182
0.007335640129895182
0.007335640129895182
0.007335640129895182
0.007335640129895182
0.007335640129895182
0.007335640129895182
0.007335640129895182
0.007335640129895182
0.007335640129895182
0.007335640129895182
0.007335640129895182
0.007335640129895182
0.007335640129895182
0.007335640129895182
0.007335640129895182
0.007335640129895182
0.007335640129895182
0.007335640129895182
0.007335640129895182
0.006846597454568837
0.006846597454568837
0.006357554779242491
0.006357554779242491
0.005868512103916146
0.005868512103916146
0.0053794694285898
0.0053794694285898
0.0053794694285898
0.0053794694285898
0.0053794694285898
0.0053794694285898
0.005868512103916146
0.005868512103916146
0.006357554779242491
0.006357554779242491
0.006846597454568837
0.006846597454568837
0.006846597454568837
0.006846597454568837
0.006846597454568837
0.0070096117568027696
0.006520569081476424
0.006520569081476424
0.006520569081476424
0.006520569081476424
0.006520569081476424
0.006520569081476424
0.006520569081476424
0.006520569081476424
0.0070096117568027696
0.006846597454568837
0.007335640129895182
0.007335640129895182
0.006846597454568837
0.006846597454568837
0.006846597454568837
0.006846597454568837
0.006846597454568837
0.006846597454568837
0.006846597454568837
0.007335640129895182
0.007335640129895182
0.007335640129895182
0.007824682805221528
0.007824682805221528
0.007824682805221528
0.008313725480547873
0.008313725480547873
0.008802768155874219
0.008802768155874219
0.008313725480547873
0.008313725480547873
0.008313725480547873
0.008313725480547873
0.008313725480547873
0.008313725480547873
0.007824682805221528
0.007824682805221528
0.007335640129895182
0.007335640129895182
0.007335640129895182
0.007335640129895182
0.007335640129895182
0.007335640129895182
0.007335640129895182
0.007335640129895182
0.007335640129895182
0.007335640129895182
0.007335640129895182
0.007335640129895182
0.007335640129895182
0.007335640129895182
0.007335640129895182
0.007335640129895182
0.007335640129895182
0.007335640129895182
0.007335640129895182
0.007335640129895182
0.007335640129895182
0.007335640129895182
0.007335640129895182
0.007335640129895182
0.007335640129895182
0.007335640129895182
0.007335640129895182
0.007335640129895182
0.007335640129895182
0.007335640129895182
0.007335640129895182
0.007335640129895182
0.007335640129895182
0.006846597454568837
0.006846597454568837
0.006357554779242491
0.006357554779242491
0.006357554779242491
0.006357554779242491
0.005868512103916146
0.005868512103916146
0.005868512103916146
0.005868512103916146
0.005868512103916146
0.005868512103916146
0.006031526406150079
0.005705497975213802
0.005705497975213802
0.005705497975213802
0.005705497975213802
0.005705497975213802
0.005216455299887457
0.005216455299887457
0.005705497975213802
0.005705497975213802
0.006031526348306215
0.006357554779242491
0.006357554779242491
0.006357554779242491
0.006846597454568837
0.006846597454568837
0.007335640129895182
0.007335640129895182
0.007335640129895182
0.007335640129895182
0.007335640129895182
0.007335640129895182
0.006846597454568837
0.006846597454568837
0.006846597454568837
0.006846597454568837
0.006846597454568837
0.006846597454568837
0.006357554779242491
0.006357554779242491
0.006357554779242491
0.006357554779242491
0.006846597454568837
0.006846597454568837
0.006846597454568837
0.006846597454568837
0.006846597454568837
0.006846597454568837
0.006846597454568837
0.006846597454568837
0.006846597454568837
0.006846597454568837
0.006846597454568837
0.006846597454568837
0.006357554779242491
0.006357554779242491
0.006357554779242491
0.006357554779242491
0.006846597454568837
0.006846597454568837
0.006846597454568837
0.006846597454568837
0.006846597454568837
0.006846597454568837
0.007335640129895182
0.007335640129895182
0.007335640129895182
0.007335640129895182
0.007335640129895182
0.007335640129895182
0.007335640129895182
0.007335640129895182
0.007335640129895182
0.007335640129895182
0.006846597454568837
0.006846597454568837
0.006846597454568837
0.006846597454568837
0.006846597454568837
0.006846597454568837
0.006357554779242491
0.006357554779242491
0.005868512103916146
0.005868512103916146
0.006357554779242491
0.006031526348306215
0.00554248367297987
0.00554248367297987
0.00554248367297987
0.0052164552420435936
0.005705497917369939
0.005705497917369939
0.0061945405926962845
0.0061945405926962845
0.0061945405926962845
0.006520569023632561
0.007009611698958906
0.007009611698958906
0.007009611698958906
0.007335640129895182
0.006846597454568837
0.006846597454568837
0.006846597454568837
0.006846597454568837
0.006357554779242491
0.006357554779242491
0.005868512103916146
0.006031526406150079
0.005542483730823733
0.005542483730823733
0.005542483730823733
0.005542483730823733
0.005053441055497388
0.005053441055497388
0.005053441055497388
0.005053441055497388
0.005053441055497388
0.004890426753263455
0.0053794694285898
0.0053794694285898
0.0053794694285898
0.0053794694285898
0.005868512103916146
0.005868512103916146
0.006357554779242491
